0.0001	253.59
0.00010202	258.52
0.00010408	263.54
0.00010618	268.66
0.00010833	273.87
0.00011052	279.19
0.00011275	284.62
0.00011503	290.14
0.00011735	295.78
0.00011972	301.52
0.00012214	307.38
0.00012461	313.35
0.00012712	319.43
0.00012969	325.64
0.00013231	331.96
0.00013499	338.41
0.00013771	344.98
0.00014049	351.68
0.00014333	358.5
0.00014623	365.46
0.00014918	372.56
0.0001522	379.79
0.00015527	387.16
0.00015841	394.68
0.00016161	402.34
0.00016487	410.15
0.0001682	418.11
0.0001716	426.22
0.00017507	434.5
0.0001786	442.93
0.00018221	451.52
0.00018589	460.28
0.00018965	469.21
0.00019348	478.32
0.00019739	487.59
0.00020138	497.05
0.00020544	506.69
0.00020959	516.52
0.00021383	526.54
0.00021815	536.75
0.00022255	547.16
0.00022705	557.76
0.00023164	568.58
0.00023632	579.6
0.00024109	590.83
0.00024596	602.28
0.00025093	613.95
0.000256	625.85
0.00026117	637.97
0.00026645	650.33
0.00027183	662.93
0.00027732	675.77
0.00028292	688.85
0.00028864	702.19
0.00029447	715.78
0.00030042	729.63
0.00030649	743.75
0.00031268	758.14
0.00031899	772.81
0.00032544	787.75
0.00033201	802.99
0.00033872	818.51
0.00034556	834.33
0.00035254	850.46
0.00035966	866.89
0.00036693	883.64
0.00037434	900.7
0.0003819	918.09
0.00038962	935.81
0.00039749	953.87
0.00040552	972.28
0.00041371	991.03
0.00042207	1010.1
0.0004306	1029.6
0.00043929	1049.4
0.00044817	1069.7
0.00045722	1090.3
0.00046646	1111.3
0.00047588	1132.6
0.0004855	1154.4
0.0004953	1176.6
0.00050531	1199.2
0.00051552	1222.3
0.00052593	1245.8
0.00053656	1269.7
0.00054739	1294.
0.00055845	1318.9
0.00056973	1344.1
0.00058124	1369.9
0.00059299	1396.1
0.00060496	1422.9
0.00061719	1450.1
0.00062965	1477.8
0.00064237	1506.1
0.00065535	1534.8
0.00066859	1564.1
0.0006821	1594.
0.00069588	1624.3
0.00070993	1655.3
0.00072427	1686.8
0.00073891	1718.9
0.00075383	1751.6
0.00076906	1784.8
0.0007846	1818.7
0.00080045	1853.2
0.00081662	1888.3
0.00083311	1924.1
0.00084994	1960.5
0.00086711	1997.6
0.00088463	2035.3
0.0009025	2073.7
0.00092073	2112.8
0.00093933	2152.6
0.00095831	2193.1
0.00097767	2234.3
0.00099742	2276.2
0.0010176	2318.9
0.0010381	2362.4
0.0010591	2406.6
0.0010805	2451.6
0.0011023	2497.3
0.0011246	2543.9
0.0011473	2591.3
0.0011705	2639.5
0.0011941	2688.5
0.0012182	2738.3
0.0012429	2789.1
0.001268	2840.6
0.0012936	2893.1
0.0013197	2946.4
0.0013464	3000.7
0.0013736	3055.8
0.0014013	3111.9
0.0014296	3168.9
0.0014585	3226.8
0.001488	3285.7
0.001518	3345.6
0.0015487	3406.5
0.00158	3468.3
0.0016119	3531.1
0.0016445	3595.
0.0016777	3659.8
0.0017116	3725.7
0.0017462	3792.6
0.0017814	3860.6
0.0018174	3929.7
0.0018541	3999.8
0.0018916	4070.9
0.0019298	4143.2
0.0019688	4216.6
0.0020086	4291.
0.0020491	4366.6
0.0020905	4443.3
0.0021328	4521.1
0.0021758	4600.1
0.0022198	4680.2
0.0022646	4761.4
0.0023104	4843.9
0.0023571	4927.4
0.0024047	5012.1
0.0024533	5098.
0.0025028	5185.1
0.0025534	5273.3
0.002605	5362.7
0.0026576	5453.3
0.0027113	5545.1
0.002766	5638.
0.0028219	5732.1
0.0028789	5827.4
0.0029371	5923.9
0.0029964	6021.6
0.0030569	6120.4
0.0031187	6220.4
0.0031817	6321.6
0.003246	6423.9
0.0033115	6527.4
0.0033784	6632.
0.0034467	6737.7
0.0035163	6844.6
0.0035874	6952.5
0.0036598	7061.6
0.0037338	7171.7
0.0038092	7282.9
0.0038861	7395.2
0.0039646	7508.5
0.0040447	7622.8
0.0041264	7738.1
0.0042098	7854.4
0.0042948	7971.6
0.0043816	8089.7
0.0044701	8208.8
0.0045604	8328.7
0.0046525	8449.4
0.0047465	8571.
0.0048424	8693.3
0.0049402	8816.4
0.00504	8940.1
0.0051419	9064.5
0.0052457	9189.6
0.0053517	9315.2
0.0054598	9441.3
0.0055701	9567.9
0.0056826	9695.
0.0057974	9822.4
0.0059145	9950.1
0.006034	10078.
0.0061559	10206.
0.0062803	10335.
0.0064072	10463.
0.0065366	10592.
0.0066686	10720.
0.0068033	10848.
0.0069408	10976.
0.007081	11104.
0.007224	11232.
0.00737	11359.
0.0075189	11485.
0.0076708	11611.
0.0078257	11736.
0.0079838	11860.
0.0081451	11984.
0.0083096	12106.
0.0084775	12228.
0.0086488	12348.
0.0088235	12467.
0.0090017	12584.
0.0091836	12700.
0.0093691	12814.
0.0095583	12927.
0.0097514	13037.
0.0099484	13146.
0.010149	13252.
0.010354	13356.
0.010564	13458.
0.010777	13557.
0.010995	13653.
0.011217	13746.
0.011443	13837.
0.011675	13924.
0.01191	14008.
0.012151	14088.
0.012397	14165.
0.012647	14238.
0.012902	14307.
0.013163	14373.
0.013429	14433.
0.0137	14490.
0.013977	14542.
0.014259	14589.
0.014547	14631.
0.014841	14668.
0.015141	14700.
0.015447	14726.
0.015759	14747.
0.016077	14763.
0.016402	14772.
0.016734	14776.
0.017072	14773.
0.017416	14764.
0.017768	14749.
0.018127	14727.
0.018493	14699.
0.018867	14664.
0.019248	14623.
0.019637	14574.
0.020034	14519.
0.020438	14456.
0.020851	14387.
0.021272	14311.
0.021702	14227.
0.022141	14137.
0.022588	14039.
0.023044	13935.
0.02351	13824.
0.023985	13706.
0.024469	13582.
0.024964	13451.
0.025468	13314.
0.025982	13171.
0.026507	13022.
0.027043	12867.
0.027589	12707.
0.028146	12542.
0.028715	12372.
0.029295	12198.
0.029887	12020.
0.03049	11838.
0.031106	11653.
0.031735	11466.
0.032376	11276.
0.03303	11085.
0.033697	10892.
0.034378	10699.
0.035072	10506.
0.035781	10313.
0.036504	10121.
0.037241	9929.7
0.037993	9739.7
0.038761	9550.8
0.039544	9364.6
0.040343	9182.1
0.041158	9003.6
0.041989	8829.7
0.042838	8660.8
0.043703	8497.4
0.044586	8339.7
0.045486	8187.9
0.046405	8042.2
0.047343	7902.6
0.048299	7768.9
0.049275	7641.
0.05027	7518.7
0.051286	7401.6
0.052322	7289.3
0.053379	7181.5
0.054457	7077.7
0.055557	6977.4
0.05668	6880.
0.057825	6785.8
0.058993	6696.8
0.060184	6612.6
0.0614	6528.5
0.062641	6440.8
0.063906	6350.3
0.065197	6258.
0.066514	6163.1
0.067858	6064.1
0.069229	5960.2
0.070627	5850.8
0.072054	5735.4
0.07351	5613.6
0.074994	5485.4
0.076509	5350.8
0.078055	5210.3
0.079632	5064.5
0.081241	4914.2
0.082882	4760.4
0.084556	4604.5
0.086264	4447.5
0.088007	4291.
0.089785	4136.2
0.091598	3984.7
0.093449	3837.8
0.095337	3696.9
0.097263	3563.3
0.099227	3438.2
0.10123	3322.4
0.10328	3216.5
0.10536	3120.9
0.10749	3035.2
0.10966	2959.1
0.11188	2891.4
0.11414	2831.1
0.11644	2776.7
0.1188	2726.5
0.1212	2678.8
0.12365	2631.6
0.12614	2583.
0.12869	2530.8
0.13129	2473.4
0.13394	2409.6
0.13665	2338.7
0.13941	2261.3
0.14223	2178.5
0.1451	2092.
0.14803	2004.
0.15102	1916.5
0.15407	1831.3
0.15718	1750.3
0.16036	1675.2
0.1636	1607.5
0.1669	1548.1
0.17028	1497.2
0.17371	1454.2
0.17722	1417.5
0.1808	1385.
0.18446	1354.6
0.18818	1324.1
0.19198	1291.7
0.19586	1256.
0.19982	1216.2
0.20386	1172.1
0.20797	1124.5
0.21218	1075.2
0.21646	1026.
0.22083	978.92
0.2253	935.61
0.22985	897.27
0.23449	864.22
0.23923	836.07
0.24406	811.62
0.24899	789.12
0.25402	766.9
0.25915	743.48
0.26439	718.1
0.26973	690.59
0.27518	661.63
0.28074	632.32
0.28641	604.07
0.29219	578.16
0.2981	555.04
0.30412	534.72
0.31026	516.49
0.31653	499.47
0.32292	482.61
0.32945	465.05
0.3361	446.73
0.34289	427.94
0.34982	409.45
0.35689	391.99
0.36409	375.96
0.37145	361.46
0.37895	348.04
0.38661	335.17
0.39442	322.37
0.40239	309.39
0.41052	296.46
0.41881	283.88
0.42727	272.
0.4359	260.97
0.44471	250.62
0.45369	240.73
0.46286	231.04
0.47221	221.48
0.48174	212.16
0.49148	203.22
0.50141	194.75
0.51153	186.75
0.52187	179.07
0.53241	171.63
0.54317	164.4
0.55414	157.42
0.56533	150.75
0.57675	144.41
0.5884	138.32
0.60029	132.46
0.61242	126.81
0.62479	121.38
0.63741	116.18
0.65029	111.2
0.66342	106.43
0.67683	101.85
0.6905	97.459
0.70445	93.242
0.71868	89.195
0.7332	85.314
0.74801	81.592
0.76312	78.024
0.77854	74.604
0.79426	71.327
0.81031	68.188
0.82668	65.181
0.84338	62.302
0.86041	59.544
0.8778	56.904
0.89553	54.376
0.91362	51.956
0.93208	49.639
0.95091	47.421
0.97011	45.299
0.98971	43.267
1.0097	41.323
1.0301	39.463
1.0509	37.683
1.0721	35.981
1.0938	34.352
1.1159	32.794
1.1384	31.304
1.1614	29.88
1.1849	28.518
1.2088	27.215
1.2333	25.971
1.2582	24.781
1.2836	23.644
1.3095	22.557
1.336	21.518
1.363	20.526
1.3905	19.578
1.4186	18.673
1.4472	17.808
1.4765	16.982
1.5063	16.193
1.5367	15.439
1.5678	14.72
1.5994	14.033
1.6318	13.377
1.6647	12.751
1.6984	12.153
1.7327	11.583
1.7677	11.039
1.8034	10.519
1.8398	10.023
1.877	9.5505
1.9149	9.0992
1.9536	8.6687
1.993	8.2581
2.0333	7.8664
2.0744	7.4928
2.1163	7.1365
2.159	6.7967
2.2026	6.4727
2.2471	6.1637
2.2925	5.8692
2.3388	5.5884
2.3861	5.3207
2.4343	5.0655
2.4835	4.8223
2.5336	4.5905
2.5848	4.3696
2.637	4.1591
2.6903	3.9585
2.7447	3.7674
2.8001	3.5853
2.8567	3.4118
2.9144	3.2465
2.9733	3.0891
3.0333	2.9392
3.0946	2.7963
3.1571	2.6603
3.2209	2.5308
3.286	2.4074
3.3523	2.29
3.4201	2.1781
3.4892	2.0716
3.5596	1.9702
3.6316	1.8737
3.7049	1.7819
3.7798	1.6944
3.8561	1.6112
3.934	1.532
4.0135	1.4566
4.0946	1.3848
4.1773	1.3165
4.2617	1.2516
4.3478	1.1897
4.4356	1.1309
4.5252	1.075
4.6166	1.0217
4.7099	0.97108
4.805	0.9229
4.9021	0.87708
5.0011	0.8335
5.1021	0.79204
5.2052	0.75262
5.3104	0.71512
5.4176	0.67947
5.5271	0.64557
5.6387	0.61333
5.7526	0.58268
5.8689	0.55354
5.9874	0.52583
6.1084	0.49949
6.2318	0.47445
6.3577	0.45065
6.4861	0.42802
6.6171	0.40651
6.7508	0.38607
6.8872	0.36665
7.0263	0.34819
7.1682	0.33064
7.313	0.31397
7.4608	0.29812
7.6115	0.28307
7.7653	0.26876
7.9221	0.25517
8.0822	0.24226
8.2454	0.22999
8.412	0.21834
8.5819	0.20727
8.7553	0.19675
8.9322	0.18676
9.1126	0.17727
9.2967	0.16826
9.4845	0.1597
9.6761	0.15157
9.8716	0.14385
10.071	0.13652
10.274	0.12956
10.482	0.12294
10.694	0.11667
10.91	0.1107
11.13	0.10504
11.355	0.09967
11.584	0.094568
11.818	0.089725
12.057	0.085126
12.301	0.080761
12.549	0.076617
12.803	0.072683
13.061	0.068949
13.325	0.065406
13.594	0.062042
13.869	0.05885
14.149	0.05582
14.435	0.052945
14.727	0.050216
15.024	0.047627
15.328	0.04517
15.637	0.042838
15.953	0.040626
16.275	0.038526
16.604	0.036534
16.94	0.034644
17.282	0.032851
17.631	0.031149
17.987	0.029535
18.351	0.028003
18.721	0.02655
19.099	0.025172
19.485	0.023864
19.879	0.022624
20.28	0.021447
20.69	0.020332
21.108	0.019274
21.535	0.018271
21.97	0.01732
22.413	0.016418
22.866	0.015563